6,8,bj,228 176084
4,12,sz,180 22
0,8,hz,130 2171
0,8,bj,84 969
0,8,bj,88 2902
12,big_12,sz,675 188
14,8,bj,350 2
14,big_12,hz,26 11
12,8,sz,69 6147
14,big_12,sz,803 123
14,big_12,hz,28 5
0,8,sz,351 39
0,big_12,hz,96 24
10,8,sz,490 84
6,10,sz,129 1537
8,10,bj,315 6
8,8,nj,800 491
10,8,bj,584 62
0,big_12,bj,68 164
10,big_12,hz,225 5187
0,8,bj,671 6
0,8,hz,1092 1
4,8,sz,180 83327
10,big_12,hz,490 9242
8,big_12,nj,315 111
0,8,hz,120 4104
0,8,bj,76 44
12,big_12,bj,935 5
8,6,nj,13 1
12,big_12,hz,536 1219
0,8,sz,336 13
8,8,sz,402 3817
0,8,hz,1710 11
12,big_12,bj,75 2181
10,8,hz,640 128
0,8,hz,125 925
6,8,hz,268 93394
8,6,bj,450 1017
12,8,bj,34 3413
10,6,sz,250 35
12,6,sz,210 39
12,8,bj,30 280
8,8,bj,546 3030
8,8,sz,200 22637
6,8,sz,600 5489
0,6,sz,100 8751
0,8,hz,150 915
12,8,sz,378 10
4,6,hz,320 11437
6,10,sz,150 429
8,6,bj,200 271
0,8,hz,155 3149
8,big_12,nj,99 37
0,8,sz,5 16
0,8,hz,156 8697
6,big_12,nj,14 57
0,8,sz,6 1257
6,12,sz,516 3262
2,8,nj,300 428
8,8,hz,450 83563
0,6,hz,96 603
0,8,hz,702 13
0,big_12,hz,715 568
4,8,sz,25 28104
0,6,bj,100 103187
4,6,sz,180 3134
10,big_12,nj,9 29
10,big_12,hz,1100 1710
4,8,sz,20 32766
8,big_12,nj,546 1
10,6,hz,144 616
0,8,hz,506 51
12,8,sz,75 7994
14,big_12,hz,576 529
4,10,bj,500 792
0,8,hz,140 16022
0,8,bj,57 772
0,8,hz,304 15
12,6,hz,8 26
8,8,nj,616 870
0,8,bj,51 1380
0,8,bj,54 2788
0,8,hz,145 36952
8,6,sz,402 181
4,12,sz,80 11
10,big_12,sz,160 411
8,12,bj,200 56
0,big_12,hz,900 45
8,12,bj,616 55
8,big_12,sz,99 296
6,big_12,nj,17 374
2,6,nj,300 6
0,8,sz,4 101
10,big_12,sz,360 424
10,big_12,sz,810 11401
12,8,bj,675 5
0,big_12,bj,4 67
0,8,bj,48 872
10,big_12,sz,1000 2825
14,big_12,sz,26 6
0,8,bj,42 55
8,8,sz,450 55483
8,12,bj,50 40
14,big_12,hz,60 17
10,big_12,nj,640 1
10,8,sz,250 52836
0,6,bj,22 6
14,big_12,hz,63 16
6,8,bj,268 276989
8,6,sz,114 209
12,big_12,hz,300 799
0,8,hz,530 17
-2,8,hz,-400 6
8,big_12,bj,712 4646
12,6,bj,8 5
12,big_12,bj,34 8926
0,6,bj,18 6
12,big_12,sz,621 37
6,big_12,sz,129 5410
12,big_12,bj,8 2829
8,10,sz,114 442
0,8,hz,528 19
10,12,bj,584 34
10,big_12,sz,144 662
6,8,hz,228 103348
12,8,bj,75 2069
0,6,hz,88 32
14,8,hz,7 955
0,big_12,bj,16 160
0,big_12,bj,18 40
6,10,bj,228 132
0,8,hz,115 2009
2,big_12,hz,134 2713
4,8,other,100 102
6,12,bj,700 45
6,6,nj,228 1
0,8,bj,400 72
14,big_12,sz,869 1065
0,8,bj,26 206
0,8,bj,24 247
0,8,bj,22 1702
0,6,bj,48 32
0,8,bj,20 39
10,6,sz,225 22
14,big_12,hz,540 379
0,8,hz,110 22888
10,big_12,bj,90 623
12,big_12,nj,1200 57
0,big_12,bj,42 12
12,8,sz,132 187
10,big_12,hz,910 97916
12,8,bj,69 771
12,big_12,nj,1012 41
8,12,bj,450 90
4,10,sz,225 97
0,6,hz,54 10
14,big_12,bj,456 380
10,big_12,sz,448 1532
0,8,hz,105 484
10,big_12,sz,640 2696
12,8,hz,190 33227
8,big_12,sz,200 501
14,big_12,hz,329 59
0,8,bj,1320 11
10,big_12,bj,81 5268
0,8,hz,100 3047
14,8,nj,258 6
12,big_12,hz,30 12
12,8,sz,124 6030
10,8,sz,225 40465
8,big_12,sz,50 515
8,big_12,sz,402 765
12,big_12,sz,406 42
12,big_12,hz,34 1147
0,big_12,bj,39 108
12,8,sz,190 823
6,big_12,nj,415 5457
8,big_12,bj,280 1027
0,8,sz,140 133
8,8,hz,280 323744
4,8,bj,80 145742
4,6,hz,100 8841
0,8,sz,145 5
0,big_12,hz,162 48
6,6,hz,268 1106
10,12,bj,738 219
0,big_12,hz,18 53
14,8,bj,165 17821
0,6,hz,198 162
0,big_12,bj,174 5
4,12,sz,25 15
4,big_12,bj,400 72
2,8,sz,200 6003
0,6,bj,192 210
0,8,sz,150 31
4,12,sz,20 9
0,big_12,hz,174 133
6,8,hz,14 19678
0,big_12,hz,26 33
12,big_12,bj,132 2668
6,8,hz,17 43753
0,big_12,hz,20 23
14,big_12,bj,240 39
0,8,sz,155 5180
0,8,sz,156 241
0,big_12,hz,22 45
0,big_12,hz,180 78
4,6,hz,500 2394
8,big_12,bj,546 3922
10,big_12,bj,225 9566
2,6,bj,134 103016
6,8,sz,129 21455
4,6,bj,500 486
8,big_12,nj,44 30
4,big_12,sz,20 66
14,8,bj,7 766
0,big_12,bj,162 14
4,8,bj,225 1079549
8,12,sz,315 17
6,6,sz,228 1400
12,8,bj,406 79
8,8,hz,900 17
6,big_12,bj,700 195
8,6,bj,402 80
10,6,hz,90 202
14,big_12,bj,960 10
10,6,hz,9 66
8,8,bj,315 388813
6,8,sz,150 36646
0,big_12,hz,39 39
14,8,bj,180 6013
8,12,sz,50 25
6,10,bj,268 18
6,8,hz,415 115570
8,big_12,nj,11 43
6,6,nj,268 7
8,big_12,nj,13 17
8,big_12,hz,712 24469
14,8,hz,28 1365
0,8,sz,572 3
6,12,sz,17 4
4,big_12,sz,25 147
14,8,hz,26 5
8,big_12,hz,900 1021
12,8,hz,770 84
0,big_12,bj,156 312
10,big_12,bj,810 89661
8,8,bj,712 5834
4,6,bj,320 2462
10,8,bj,360 7009
0,big_12,bj,150 21
4,6,sz,80 2269
12,8,nj,30 27
6,big_12,hz,516 10275
0,big_12,hz,192 34
12,8,nj,190 371
0,6,hz,22 16
0,big_12,hz,42 153
0,big_12,hz,45 6
12,6,sz,276 6
0,big_12,hz,198 46
0,8,sz,174 90
0,big_12,hz,48 5
8,8,bj,280 305374
14,8,hz,350 118
8,12,sz,44 4
2,8,sz,33 25602
10,6,hz,81 107
6,big_12,nj,600 898
8,6,sz,50 183
12,8,nj,34 594
8,10,bj,50 13
6,8,hz,66 50259
0,8,hz,180 82
0,6,hz,140 346
6,8,nj,516 453
0,8,sz,100 3559
0,big_12,hz,54 41
8,6,hz,176 1009
0,big_12,hz,51 22
10,big_12,bj,250 823
6,8,bj,600 2724
6,6,hz,228 93
4,8,hz,400 132428
0,6,hz,145 574
8,12,sz,114 18
10,8,bj,330 5330
4,big_12,sz,80 251
12,8,nj,69 63
12,8,bj,210 10925
0,8,sz,308 42
8,big_12,hz,280 9407
12,8,bj,621 6
0,8,hz,174 1380
8,6,sz,44 26
12,big_12,hz,770 1805
6,10,bj,415 176
0,big_12,hz,68 50
6,8,hz,58 20785
0,8,sz,110 427
12,big_12,hz,378 111
4,10,bj,320 599
4,6,nj,400 6
10,8,bj,738 26
10,big_12,hz,250 4300
8,10,sz,315 418
14,8,bj,116 2145
8,12,sz,546 6
4,6,sz,20 10003
12,big_12,bj,770 11
2,10,bj,50 6
10,8,bj,144 15322
10,big_12,nj,10 27
0,8,sz,105 17
0,8,hz,162 321
4,6,sz,25 4954
4,8,bj,20 93013
10,12,bj,1100 16
0,big_12,hz,76 52
10,big_12,nj,40 72
4,8,nj,225 11944
6,6,sz,268 4175
6,12,sz,355 151
6,6,hz,415 2033
0,8,sz,120 145
8,12,sz,13 19
0,6,bj,140 879
4,8,other,180 262
6,8,sz,58 18475
0,8,hz,741 3
0,8,sz,528 7
4,8,bj,25 180594
0,big_12,hz,72 17
6,big_12,nj,58 59
8,8,hz,402 125753
6,6,sz,516 486
8,6,sz,176 53
4,8,hz,225 370465
0,8,hz,192 3188
8,big_12,nj,50 6
6,6,nj,415 14
6,12,bj,516 3127
0,8,hz,198 7966
0,big_12,hz,88 23
14,8,hz,60 10
8,8,hz,616 454
0,8,sz,130 16
0,big_12,hz,80 40
14,8,hz,116 3134
0,6,bj,130 28
2,10,bj,33 30
0,8,hz,756 6
6,8,sz,66 18350
0,big_12,hz,84 20
14,8,hz,63 1673
12,8,nj,75 1607
10,big_12,hz,448 10665
6,big_12,nj,66 421
2,big_12,bj,300 232
12,8,sz,34 3748
10,big_12,nj,36 47
4,6,hz,180 1898
12,big_12,hz,190 22
12,8,hz,536 933
8,6,sz,13 240
12,8,sz,30 7131
8,8,hz,200 109515
10,big_12,hz,640 18487
8,6,sz,11 26
8,10,bj,13 6
0,8,bj,96 5148
14,8,hz,456 122
2,8,bj,50 346533
4,big_12,bj,180 1023
2,6,nj,50 8677
10,8,bj,9 7285
10,8,nj,160 64
12,big_12,hz,935 286
14,8,nj,63 2
12,8,nj,124 75
0,big_12,bj,203 17
10,8,nj,40 2740
8,8,hz,712 796
0,big_12,bj,210 157
2,12,sz,50 25
12,8,nj,132 570
12,big_12,hz,210 1416
10,big_12,nj,490 2
8,big_12,hz,450 32194
8,10,bj,114 11
6,12,sz,129 16
0,big_12,hz,210 95
14,8,sz,180 1495
8,big_12,sz,176 239
0,8,bj,192 4335
0,big_12,hz,480 610
8,8,bj,11 29624
0,8,bj,198 4446
8,8,bj,13 36427
12,8,hz,300 91979
10,8,nj,36 229
0,big_12,bj,605 94
0,8,bj,900 3
6,8,nj,355 23832
8,10,sz,50 377
0,big_12,bj,600 26
8,8,bj,200 98516
6,big_12,bj,268 854
10,8,nj,584 1
4,6,nj,225 16
0,8,sz,741 13
6,8,sz,17 25722
8,6,bj,50 173
8,big_12,nj,114 12
6,8,bj,415 228977
10,8,sz,90 3166
2,12,sz,33 18
8,big_12,bj,200 1996
8,8,bj,44 34086
6,big_12,nj,150 580
14,big_12,sz,424 22
0,big_12,hz,231 95
12,big_12,hz,276 61
8,8,sz,800 511
2,8,hz,200 2033
6,10,bj,700 728
6,10,bj,516 3266
10,6,hz,10 77
4,8,nj,500 39
8,8,sz,616 3919
0,big_12,bj,480 295
0,8,sz,96 9
10,8,nj,10 72
12,8,bj,276 679
10,8,sz,81 5690
12,8,nj,378 3
6,big_12,nj,355 138
4,8,hz,500 94174
0,big_12,hz,228 40
10,big_12,bj,490 4166
6,8,sz,14 35122
0,big_12,hz,224 60
6,12,bj,355 562
6,8,sz,355 134818
14,big_12,hz,960 11
10,8,sz,1100 16
6,6,bj,600 195
0,8,hz,280 85
14,8,hz,258 8770
0,8,sz,88 27
10,big_12,nj,250 427
8,big_12,nj,176 41
10,big_12,nj,448 91
0,big_12,bj,450 2299
0,8,bj,162 1822
12,8,bj,830 1
10,8,nj,81 1359
12,big_12,hz,1012 1465
14,big_12,bj,329 380
6,6,bj,268 6934
0,8,hz,288 1
2,8,sz,50 32140
8,big_12,sz,800 6
14,8,nj,28 1
0,big_12,hz,450 1380
12,big_12,bj,210 2206
8,6,hz,200 48
4,big_12,bj,320 1526
6,big_12,sz,600 98
14,big_12,bj,710 802
0,big_12,hz,259 45
6,big_12,hz,415 14994
0,8,sz,76 45
0,8,bj,155 10954
10,6,hz,36 84
0,big_12,bj,259 5
4,8,other,25 40
10,12,bj,810 847
8,8,bj,50 48358
8,big_12,hz,616 7556
4,big_12,hz,80 13355
2,8,bj,450 26
4,6,hz,80 2089
8,big_12,hz,200 8925
0,big_12,bj,264 28
10,8,sz,640 93
0,big_12,hz,245 119
2,big_12,sz,300 6
4,big_12,sz,320 162
8,8,nj,315 72940
0,8,hz,684 23
12,6,bj,34 11
14,big_12,sz,456 34
2,8,other,134 20
8,6,hz,402 1209
0,big_12,bj,224 63
0,big_12,hz,477 232
6,big_12,bj,228 3359
14,big_12,hz,710 1557
0,big_12,bj,430 1595
0,8,sz,68 109
4,10,sz,80 61
10,6,hz,40 114
0,8,sz,975 2
2,8,bj,33 437558
8,6,sz,99 50
8,6,bj,99 10
0,8,bj,5 424
6,10,sz,415 114
12,big_12,sz,210 107
2,8,bj,200 66262
0,8,bj,6 2758
8,big_12,hz,99 5710
0,big_12,hz,273 47
0,big_12,bj,638 51
10,big_12,nj,225 81
10,8,nj,9 127
2,12,sz,134 5
10,8,bj,910 27
6,big_12,hz,228 15553
0,8,bj,174 333
8,big_12,nj,800 80
14,8,sz,165 10180
4,8,sz,400 7172
0,8,sz,57 968
0,8,bj,1092 6
12,big_12,sz,830 300
2,8,hz,450 32
8,8,nj,99 11019
0,big_12,bj,630 5
4,8,other,225 1369
0,big_12,bj,624 145
10,8,nj,330 4950
4,big_12,nj,320 2
2,big_12,sz,134 273
8,8,bj,800 3759
10,8,nj,144 1573
6,6,bj,228 4027
14,big_12,sz,60 15
4,12,sz,225 11
10,8,sz,810 354
10,6,hz,330 1068
0,big_12,bj,400 6
10,8,hz,360 75319
10,big_12,bj,9 785
2,6,sz,300 352
2,big_12,hz,33 3941
6,8,nj,58 240
10,big_12,bj,10 154
10,8,hz,10 6485
10,big_12,bj,640 12778
10,big_12,bj,448 22411
6,12,bj,58 17
8,8,sz,99 10143
4,6,sz,400 166
6,6,bj,415 6241
12,6,bj,300 222
10,8,hz,160 50339
14,6,sz,7 1
0,8,bj,120 1376
12,8,hz,378 1205
14,8,sz,116 298
12,6,bj,75 27
14,big_12,hz,240 72
6,big_12,bj,415 1476
14,8,sz,108 2405
8,big_12,sz,44 173
4,8,sz,225 90639
4,big_12,hz,500 153
2,10,sz,50 168
14,8,bj,670 6
2,10,sz,300 6
8,8,sz,176 4868
8,12,bj,13 21
2,8,nj,200 866
10,12,bj,250 12
0,8,hz,259 59
10,8,nj,360 84
0,big_12,bj,420 11
0,big_12,hz,400 118
8,8,bj,99 50774
0,big_12,hz,405 578
0,8,bj,304 1817
8,big_12,sz,13 736
12,8,nj,300 557
8,big_12,sz,11 479
2,big_12,hz,50 1366
10,big_12,bj,36 2163
8,big_12,bj,800 113
4,6,bj,100 235527
14,6,sz,28 1
0,8,hz,1513 5
14,big_12,hz,258 80
12,8,sz,406 6
8,8,nj,44 3860
14,8,bj,424 231
0,big_12,hz,430 86
4,big_12,hz,20 2597
10,8,hz,144 70171
0,8,hz,264 60
0,8,bj,336 41
4,big_12,hz,25 2478
14,8,nj,180 3
0,8,bj,140 17670
0,8,bj,145 27127
2,big_12,hz,200 5
10,8,hz,810 7
0,8,bj,125 70
4,6,hz,25 36320
6,10,sz,268 128
10,8,hz,330 123223
6,8,nj,66 338
4,6,sz,100 2504
4,6,hz,20 6702
10,big_12,sz,490 1269
8,10,sz,616 3052
8,big_12,sz,616 1927
12,big_12,bj,406 1515
10,big_12,bj,40 276
6,big_12,hz,17 3188
8,big_12,sz,114 1342
2,10,sz,33 138
6,big_12,sz,415 922
6,8,hz,600 476
2,6,sz,134 5692
8,8,nj,50 4696
0,8,hz,273 75
14,big_12,bj,540 153
0,8,bj,130 1477
8,8,nj,176 11496
0,big_12,hz,423 545
14,8,sz,329 3
6,big_12,hz,14 1918
0,big_12,hz,420 9
6,big_12,hz,268 48200
10,big_12,sz,910 13909
6,8,nj,17 300
12,8,hz,132 50355
6,8,nj,14 204
4,10,sz,25 65
10,6,sz,9 7
4,6,bj,80 49859
0,8,hz,480 9
14,big_12,sz,240 12
2,6,nj,200 2
8,6,bj,176 21
6,10,sz,600 49
10,12,bj,225 34
12,8,hz,1104 1
0,big_12,hz,720 18
0,8,hz,203 36
4,10,sz,20 53
8,8,sz,50 9709
10,8,sz,448 626
2,12,bj,50 6
0,big_12,nj,18 2
0,8,bj,352 1069
10,6,hz,160 1441
8,10,sz,13 453
10,8,sz,10 3071
4,6,sz,320 13317
8,8,nj,114 9276
8,12,bj,114 43
14,big_12,sz,258 18
0,8,hz,210 9849
8,big_12,hz,402 21514
4,8,other,400 5
6,6,nj,66 1
4,big_12,sz,500 6
10,8,sz,40 1864
-2,8,hz,-100 47
0,8,bj,100 22456
0,8,hz,228 1844
14,big_12,sz,670 22
10,6,bj,144 47
6,big_12,nj,129 37
4,10,sz,400 8
10,6,hz,360 2428
8,8,nj,546 65
4,big_12,bj,100 1433
8,8,sz,114 17620
10,big_12,sz,330 1525
6,10,sz,228 2085
12,8,hz,124 9341
0,big_12,hz,759 699
4,big_12,hz,225 5938
0,8,bj,376 3
10,8,sz,36 3649
0,8,hz,231 97
10,big_12,bj,1000 44692
0,big_12,hz,756 5
4,big_12,sz,100 345
12,big_12,sz,496 23
4,6,other,225 12
8,8,nj,13 4675
8,6,sz,450 906
8,8,nj,11 2265
8,big_12,nj,616 17
12,big_12,sz,536 138
0,8,hz,430 28
10,8,bj,448 114
4,big_12,bj,25 469
14,8,bj,258 853
4,8,bj,500 43384
10,6,sz,144 4
6,8,sz,516 47134
4,big_12,hz,320 8434
4,big_12,bj,20 336
8,10,sz,450 442
8,6,bj,712 286
10,big_12,sz,250 313
8,10,bj,616 5
6,10,sz,700 4534
4,big_12,sz,180 379
8,6,hz,280 8602
2,8,hz,33 109119
6,big_12,sz,268 824
12,big_12,bj,830 1417
2,6,bj,50 51249
6,8,bj,355 461101
0,8,hz,420 26
10,8,sz,144 9624
14,big_12,hz,456 185
0,8,hz,423 5
8,6,bj,315 549
2,8,nj,134 9267
6,8,sz,700 1554
0,8,sz,210 18
0,8,hz,624 34
10,6,hz,250 6651
6,8,bj,150 170344
4,6,nj,80 3
10,big_12,nj,738 45
4,6,bj,180 16919
10,12,bj,490 6
8,6,sz,315 1878
10,8,bj,81 3683
6,8,hz,355 225449
12,8,sz,276 167
8,8,hz,315 710877
8,big_12,nj,200 10
6,6,sz,66 559
-2,8,hz,-50 38
8,big_12,nj,402 65
12,6,bj,132 26
10,8,hz,81 30863
12,8,hz,830 273
6,6,hz,355 95
-2,8,bj,-100 83
0,big_12,sz,100 17
14,8,bj,240 5677
10,8,bj,90 10561
6,8,hz,150 97517
10,8,sz,160 4569
6,6,sz,58 352
12,8,bj,536 42
8,8,nj,712 121
0,8,hz,400 82
0,8,hz,600 46
10,8,sz,360 6908
2,8,sz,134 49961
0,8,bj,560 17
10,big_12,hz,330 9168
10,8,hz,90 19520
6,8,nj,129 399
8,big_12,sz,546 702
14,big_12,hz,424 204
4,8,bj,180 520772
12,8,sz,210 1064
6,6,sz,600 23
8,big_12,sz,315 849
6,big_12,hz,58 2361
8,8,sz,315 97521
10,big_12,sz,1100 232
2,6,bj,200 22295
8,big_12,bj,616 4368
10,8,bj,10 12333
4,10,sz,100 42
10,6,hz,225 2793
14,8,nj,350 1
2,8,other,33 30
6,8,bj,129 95694
8,8,bj,402 114136
12,8,hz,276 16620
6,10,bj,355 213
10,8,hz,738 49
12,8,hz,496 860
6,big_12,hz,66 6423
14,big_12,bj,576 85
8,6,sz,200 458
8,big_12,bj,402 1511
6,big_12,sz,228 3572
4,6,other,180 6
0,big_12,hz,5 11
4,6,bj,20 118419
0,big_12,hz,4 30
2,8,sz,300 6334
8,big_12,nj,450 26
0,6,hz,210 60
4,10,bj,80 85
0,big_12,hz,6 33
14,big_12,sz,710 629
10,8,hz,36 13146
14,big_12,sz,165 27
4,6,bj,25 354456
6,8,hz,129 26884
10,big_12,hz,1000 20359
14,big_12,sz,960 15
12,8,bj,300 9115
12,big_12,hz,621 535
12,big_12,hz,8 1230
10,8,bj,40 12401
6,8,nj,600 143
10,8,bj,36 2488
8,6,hz,99 76
10,8,hz,40 11345
10,big_12,hz,810 55674
8,8,bj,616 13111
12,6,sz,124 3
8,6,bj,546 59
8,12,bj,315 25
6,6,sz,14 274
12,big_12,hz,406 851
6,6,sz,17 908
12,8,bj,8 4967
2,8,hz,50 16503
2,10,sz,134 106
4,10,bj,400 6
0,big_12,hz,804 18
6,8,hz,516 13763
-4,8,hz,-33 22
12,big_12,sz,300 126
6,big_12,nj,700 9
0,8,bj,1424 6
4,8,hz,180 183473
14,big_12,sz,180 17
10,big_12,sz,584 4255
10,8,bj,490 58
12,8,hz,675 210
10,8,sz,910 158
14,8,nj,116 2
12,6,sz,132 3
0,8,sz,1072 5
12,8,nj,8 1509
0,8,sz,280 2
6,6,hz,129 45
10,big_12,sz,738 6197
12,big_12,hz,830 2361
12,6,sz,69 1
10,8,nj,90 1290
10,8,bj,640 68
8,big_12,bj,450 3390
8,12,sz,200 6
10,12,bj,448 34
10,12,bj,640 164
0,8,sz,400 3
2,8,nj,50 5444
10,8,hz,584 323
6,8,sz,268 95352
6,big_12,nj,516 166
8,8,hz,114 42054
0,big_12,hz,287 56
0,8,sz,264 3
6,6,sz,129 1015
6,big_12,bj,600 88
2,10,bj,134 11
8,8,hz,50 19573
0,big_12,hz,280 43
14,big_12,bj,350 72
4,big_12,nj,180 5
10,8,bj,250 29874
6,big_12,hz,600 103
10,6,sz,330 1
0,big_12,hz,288 67
2,8,hz,134 48779
4,8,bj,320 722126
4,8,hz,320 526197
10,big_12,hz,144 3810
8,8,bj,450 140583
8,big_12,nj,280 429
12,big_12,bj,1012 3572
0,8,sz,259 4
14,big_12,hz,7 10
8,12,sz,450 19
8,8,bj,176 69819
6,6,hz,150 304
4,8,hz,20 60245
6,12,bj,129 163
10,big_12,bj,910 234194
12,6,sz,75 5
6,6,nj,150 1
4,8,hz,25 110336
10,big_12,sz,9 235
14,big_12,bj,165 37
2,8,bj,532 10
8,big_12,bj,176 2015
10,8,sz,584 636
10,big_12,hz,360 5965
6,8,bj,700 14
0,8,hz,1185 6
0,8,sz,18 32
4,10,bj,100 163
2,6,nj,33 1341
0,8,sz,16 30
12,8,hz,621 113
0,big_12,bj,280 544
6,10,bj,150 34
0,big_12,bj,288 135
10,big_12,hz,160 3815
4,8,bj,100 338656
4,8,hz,100 55712
6,6,bj,150 993
12,6,sz,300 9
0,8,sz,24 17
8,6,hz,44 68
10,6,bj,225 1422
4,6,bj,400 69745
0,8,sz,22 11
12,6,sz,190 23
6,6,sz,415 5143
0,8,sz,20 6
12,big_12,bj,675 1269
14,big_12,bj,108 29
8,6,sz,280 159
4,8,hz,80 80222
6,6,sz,150 686
10,big_12,bj,160 1582
4,10,bj,225 3146
0,8,sz,26 1082
0,8,bj,1245 7
8,6,bj,11 4000
8,8,hz,44 24351
8,6,bj,13 86
12,big_12,hz,675 1361
12,8,bj,124 1981
12,8,sz,496 2
4,big_12,bj,500 65
8,6,hz,13 5
6,6,bj,58 172
8,6,hz,11 9
6,10,bj,129 73
10,6,sz,160 7
8,10,sz,200 464
0,8,sz,39 53
0,6,nj,100 8
10,12,bj,1000 233
6,12,bj,415 5
8,8,hz,11 17070
4,8,nj,320 1899
8,8,hz,13 15882
14,big_12,sz,116 7
6,8,nj,150 517
6,6,hz,516 41
12,8,hz,8 19491
12,8,hz,406 957
4,6,hz,225 4430
2,8,nj,33 4042
8,8,hz,546 1774
0,8,sz,42 27
8,big_12,hz,800 18
10,big_12,nj,1100 80
6,6,bj,66 210
10,big_12,bj,144 7010
12,big_12,hz,496 185
10,big_12,hz,584 15810
4,10,bj,20 35
0,8,hz,96 3783
0,8,sz,48 8
6,6,nj,17 3
0,8,sz,228 2423
14,big_12,sz,108 10
8,big_12,hz,176 10139
12,big_12,bj,496 5
4,10,bj,25 30
2,big_12,bj,200 176
10,8,bj,225 43479
12,6,sz,34 1
10,8,hz,9 13135
12,6,sz,30 2
0,big_12,bj,351 1160
12,big_12,sz,1012 188
8,12,sz,402 5
8,big_12,hz,546 42082
10,big_12,sz,40 200
14,big_12,sz,540 18
12,big_12,sz,34 184
6,8,nj,228 1445
0,big_12,bj,759 5
4,12,bj,225 6
10,big_12,bj,584 32638
8,8,hz,176 79098
12,big_12,sz,132 88
6,12,sz,228 18
0,8,hz,72 209
0,big_12,hz,352 52
6,12,bj,228 171
6,big_12,bj,150 670
0,8,sz,854 19
0,big_12,hz,351 57
4,6,nj,100 6
4,big_12,bj,225 1433
2,big_12,sz,200 5
10,6,bj,36 11
0,8,hz,76 658
12,8,nj,210 1252
6,10,bj,14 17
8,big_12,hz,50 1634
10,big_12,sz,36 298
8,6,hz,114 6
6,8,nj,415 2288
0,8,hz,84 916
0,big_12,hz,342 6
6,big_12,bj,355 5761
14,8,sz,7 310
0,8,hz,80 76
6,big_12,sz,17 161
8,big_12,hz,44 2284
0,8,bj,804 17
8,10,bj,200 18
0,8,hz,88 4945
14,8,bj,108 3567
8,8,hz,800 303
14,big_12,sz,350 26
6,big_12,sz,14 723
10,8,nj,448 656
8,8,nj,200 16377
6,10,bj,600 328
14,big_12,bj,26 20
14,big_12,sz,329 17
4,6,nj,320 32
2,8,bj,300 195548
6,big_12,bj,14 224
2,8,hz,300 14449
6,big_12,bj,17 176
6,8,bj,58 73464
0,8,hz,51 2910
10,big_12,hz,738 25910
8,8,nj,402 2628
0,8,hz,54 1579
8,big_12,hz,13 1318
0,8,hz,57 39
0,big_12,bj,369 1205
0,big_12,hz,336 102
8,big_12,hz,11 1548
4,8,nj,20 691
0,big_12,bj,387 26
4,8,nj,25 2216
12,8,bj,132 3605
4,8,nj,100 5562
2,big_12,bj,134 1234
10,big_12,sz,10 71
4,big_12,nj,225 6
14,8,sz,63 137
6,6,hz,17 74
12,big_12,bj,300 2405
8,big_12,bj,315 1369
6,6,hz,14 21
14,8,sz,60 903
8,big_12,bj,50 2606
6,6,bj,129 615
4,8,nj,400 272
12,big_12,sz,935 126
6,8,bj,66 78362
12,8,sz,8 12308
12,6,hz,210 5
8,big_12,bj,114 998
14,8,hz,180 3458
6,big_12,sz,516 30055
14,big_12,bj,803 646
0,big_12,hz,320 246
0,big_12,bj,100 198
8,big_12,nj,900 52
6,6,bj,14 58
10,big_12,nj,360 112
12,big_12,sz,8 274
8,8,bj,900 77
12,6,sz,8 11
6,6,bj,17 1347
0,8,hz,68 4492
8,big_12,sz,900 5
2,6,hz,50 8599
0,big_12,hz,590 957
14,big_12,bj,424 485
6,8,sz,228 35546
6,big_12,sz,66 1429
0,big_12,bj,105 23
8,big_12,bj,44 975
4,6,sz,500 965
0,8,hz,39 3772
10,8,bj,160 11013
6,big_12,hz,355 35648
0,big_12,bj,304 6
10,big_12,sz,90 352
12,8,sz,536 1108
6,12,sz,268 20
0,big_12,bj,110 163
10,big_12,bj,738 57983
10,big_12,nj,910 46
6,big_12,bj,516 13768
10,8,nj,225 12640
8,big_12,hz,114 4981
12,8,bj,190 9772
14,8,hz,165 7
0,big_12,bj,115 10
0,big_12,bj,320 12
8,8,bj,114 80674
6,6,bj,355 13631
0,8,hz,48 788
10,big_12,sz,81 558
0,8,hz,45 2
0,big_12,hz,387 238
0,8,hz,42 622
6,big_12,sz,58 2978
10,big_12,bj,330 19416
0,big_12,bj,500 19
4,big_12,hz,180 33028
6,big_12,hz,150 26439
8,8,nj,450 32825
0,big_12,bj,506 36
0,8,bj,280 1816
10,big_12,hz,81 3840
6,10,sz,516 50910
0,big_12,hz,572 1087
6,big_12,hz,129 8386
0,8,hz,18 2047
0,8,bj,287 21
14,big_12,hz,803 859
6,big_12,bj,129 1325
0,8,bj,288 8995
0,big_12,hz,684 26
0,big_12,bj,125 5
0,8,sz,192 67
10,8,bj,810 19
0,big_12,hz,376 106
10,big_12,nj,330 83
6,6,sz,355 3737
4,8,nj,80 576
0,8,hz,16 1276
12,big_12,hz,132 876
4,8,sz,100 40293
0,8,hz,4 18173
0,8,hz,5 4672
12,big_12,bj,536 1234
10,big_12,bj,360 2170
0,8,sz,198 5
10,8,hz,448 420
6,8,bj,14 71146
0,8,hz,6 598
6,8,bj,17 70871
4,10,sz,500 11
0,big_12,bj,530 108
0,big_12,bj,720 5
8,8,hz,99 41484
0,big_12,hz,560 1151
4,10,bj,180 144
10,big_12,hz,90 5009
8,big_12,bj,11 356
0,8,bj,273 92
8,big_12,bj,13 535
12,8,nj,276 111
4,8,sz,500 16744
0,8,hz,22 3003
0,8,hz,20 263
6,8,bj,516 34593
0,8,hz,26 14
14,big_12,sz,576 52
0,big_12,hz,369 110
0,big_12,bj,336 5
0,8,hz,24 322
6,8,sz,415 190058
0,6,bj,5 69
4,8,other,320 324
8,big_12,sz,712 329
0,6,bj,4 114
12,6,hz,300 7
0,big_12,bj,528 1812
8,big_12,bj,900 1465
8,8,sz,712 4077
6,10,sz,66 353
14,big_12,hz,1032 5
10,6,sz,40 2
0,big_12,hz,145 22
4,6,bj,225 218653
6,big_12,sz,150 4998
14,8,hz,710 3
12,big_12,hz,75 2929
12,8,nj,536 17
0,8,bj,259 68
4,6,nj,180 12
10,big_12,nj,144 35
8,6,hz,315 372
0,big_12,hz,140 32
12,big_12,bj,124 6
6,6,bj,516 889
0,6,hz,6 6
0,big_12,bj,560 33
10,6,sz,36 6
0,big_12,hz,550 1431
6,10,sz,58 641
0,big_12,hz,660 21
0,8,hz,387 1189
4,10,sz,320 120
14,big_12,bj,869 349
0,6,bj,84 41
2,6,sz,50 10721
0,big_12,hz,156 79
0,big_12,hz,155 28
4,12,sz,320 20
4,big_12,sz,225 295
2,6,nj,134 20
6,big_12,sz,700 3180
0,8,bj,450 15
12,big_12,hz,69 6
10,8,hz,250 302455
8,6,bj,280 57
10,12,bj,81 12
10,big_12,hz,36 1351
0,6,bj,88 39
0,big_12,hz,671 639
0,big_12,bj,550 1653
14,big_12,hz,116 23
0,big_12,hz,125 42
0,6,bj,51 5
14,8,bj,63 953
14,big_12,bj,670 76
14,8,bj,60 2012
6,10,bj,66 18
0,big_12,hz,120 47
6,10,sz,355 2293
0,8,hz,560 1
0,big_12,hz,530 1797
2,6,hz,33 28639
8,6,bj,114 228
12,8,sz,300 1241
10,6,sz,10 10
10,big_12,hz,40 2082
14,big_12,hz,108 16
10,8,nj,250 1182
8,8,sz,546 1139
8,8,nj,280 8605
6,big_12,nj,228 183
12,8,hz,30 6237
12,8,hz,34 19636
0,8,nj,100 514
0,8,bj,228 2395
0,big_12,hz,528 635
0,big_12,hz,852 23
0,8,hz,572 1
0,big_12,hz,130 12
10,big_12,nj,90 95
12,8,hz,1012 24
4,12,sz,100 9
10,big_12,nj,160 54
10,big_12,bj,1100 4454
14,8,bj,1131 11
0,big_12,bj,572 61
2,6,bj,300 4177
4,8,nj,180 3021
14,8,sz,258 233
0,big_12,hz,100 143
10,big_12,nj,81 32
6,8,nj,268 1595
10,6,sz,81 6
6,10,sz,17 10
10,12,bj,360 11
10,8,hz,225 415664
12,big_12,sz,75 258
2,6,sz,200 2334
6,10,sz,14 195
8,big_12,hz,315 14767
0,8,hz,342 21
8,8,sz,13 10191
4,10,sz,180 36
12,8,hz,935 76
8,8,sz,11 7996
14,big_12,hz,670 1553
10,6,bj,81 10
0,big_12,hz,624 47
10,12,bj,910 159
14,big_12,hz,869 624
4,big_12,hz,100 14445
0,big_12,hz,110 48
14,big_12,hz,180 22
0,big_12,hz,638 863
0,big_12,hz,304 256
4,8,sz,320 190096
10,8,hz,490 368
8,big_12,sz,280 307
14,8,sz,240 447
8,10,bj,450 6
0,big_12,hz,115 22
10,6,sz,90 7
4,big_12,hz,400 10
12,8,bj,1012 6
10,big_12,nj,584 186
6,big_12,hz,700 13
4,6,sz,225 5446
2,big_12,sz,50 575
0,8,hz,351 1351
0,big_12,hz,504 341
4,6,nj,20 3
10,8,sz,9 3658
0,8,hz,352 93
0,big_12,hz,630 1107
2,big_12,bj,33 1160
0,8,bj,210 7488
0,big_12,hz,500 1993
6,10,bj,58 61
-4,8,bj,-33 6
4,6,nj,25 5
0,big_12,hz,308 75
10,12,bj,144 13
2,6,bj,33 119264
0,big_12,hz,605 1369
6,big_12,bj,58 1775
6,6,hz,66 213
14,8,bj,329 68
14,8,bj,28 383
0,6,bj,400 37
8,8,sz,280 18412
10,big_12,hz,9 730
10,big_12,sz,225 851
12,8,hz,69 6561
10,8,nj,490 401
10,8,sz,738 140
12,8,nj,406 12
14,8,bj,26 1096
12,8,hz,210 212933
12,8,bj,378 2
6,12,sz,700 105
8,12,sz,616 68
12,12,bj,8 7
14,big_12,hz,350 92
2,big_12,sz,33 331
2,big_12,bj,50 1416
12,6,bj,210 25
4,8,sz,80 37146
10,8,sz,330 34516
12,8,hz,75 29896
4,big_12,bj,80 851
12,big_12,sz,770 1015
8,big_12,sz,450 949
0,8,bj,630 2
6,big_12,nj,268 873
14,big_12,hz,165 34
14,8,nj,7 1
2,6,sz,33 3384
2,8,bj,134 823599
0,8,hz,336 51
6,big_12,bj,66 285
6,6,hz,58 15
4,8,bj,400 244679
10,12,bj,330 5
14,8,sz,28 77
6,big_12,sz,355 3597
14,8,sz,26 433
8,8,sz,44 3818
10,big_12,hz,10 1725
8,big_12,bj,99 885
